#	Beta	PPII	Alpha
A	0.225	0.550	0.225
C	0.200	0.550	0.250
D	0.160	0.540	0.300
E	0.170	0.540	0.290
M	0.190	0.535	0.275
N	0.170	0.550	0.280
Q	0.195	0.510	0.295
R	0.195	0.520	0.285
S	0.200	0.550	0.250
K	0.195	0.530	0.275
T	0.210	0.500	0.290
G	0.220	0.600	0.180  
F	0.200	0.540	0.260
H	0.190	0.540	0.270
W	0.200	0.560	0.240
Y	0.190	0.525	0.285
P	        0.667	0.333
I	0.210	0.455	0.335
L	0.230	0.490	0.280
V	0.210	0.480	0.310
